,price,positive,negative,recommendations,average_playtime_forever,peak_ccu
price,1.0,0.027594132640770295,0.0166860404510383,0.03875329516789304,0.0038902266526788273,0.0808397924801347
positive,0.027594132640770295,1.0,0.8183956448216135,0.9017686606089215,0.021640904418313924,0.09076333100678947
negative,0.0166860404510383,0.8183956448216135,1.0,0.7427847812829079,0.02142207672917629,0.09275399793032404
recommendations,0.03875329516789304,0.9017686606089215,0.7427847812829079,1.0,0.0186041989883293,0.13052229697752948
average_playtime_forever,0.0038902266526788273,0.021640904418313924,0.02142207672917629,0.0186041989883293,1.0,0.005577660105615116
peak_ccu,0.0808397924801347,0.09076333100678947,0.09275399793032404,0.13052229697752948,0.005577660105615116,1.0
